a ; b ; c ; d ; e ; f
Alabama ; 4833722 ; 14986 ; 566 ; 7951 ; 0.022612181668701676
Alaska ; 735132 ; 408 ; 10 ; 361 ; 0.043664267097609684
Arizona ; 6626624 ; 16575 ; 807 ; 4204 ; 0.04130519552640983
Arkansas ; 2959373 ; 6029 ; 117 ; 4249 ; 0.02472787310014655
California ; 38332521 ; 96400 ; 3769 ; 92631.06 ; 0.013070442197109865
Colorado ; 5268367 ; 24256 ; 1333 ; 3666 ; 0.04539414205578313
Connecticut ; 3596080 ; 40873 ; 3742 ; 7127 ; 0.023558430290761052
Delaware ; 925749 ; 8965 ; 332 ; 4693 ; 0.037214190887594804
Florida ; 19552860 ; 51746 ; 2252 ; 49494.012 ; 0.030034532032654045
Georgia ; 9992167 ; 43400 ; 1848 ; 41552.013 ; 0.027448800645545657
Hawaii ; 1404054 ; 643 ; 17 ; 591 ; 0.03851276375410063
Idaho ; 1612136 ; 2626 ; 79 ; 1755 ; 0.049477835616846225
Illinois ; 12882135 ; 112017 ; 4885 ; 107132.017 ; 0.016039266783029367
Indiana ; 6570902 ; 31715 ; 1984 ; 29731.018 ; 0.02210594527204941
Iowa ; 3090416 ; 17557 ; 456 ; 9377 ; 0.024009389027237756
Kansas ; 2893957 ; 9125 ; 207 ; 493 ; 0.03308549505054843
Kentucky ; 4395295 ; 8571 ; 391 ; 3102 ; 0.025130508873693346
Louisiana ; 4625470 ; 37809 ; 2691 ; 28700 ; 0.017588482900116095
Maine ; 1328302 ; 2074 ; 78 ; 1290 ; 0.026128094364082866
Maryland ; 5928814 ; 47152 ; 2302 ; 3329 ; 0.02752928325968735
Massachusetts ; 6692824 ; 93271 ; 6416 ; 86855.025 ; 0.021521856842492797
Michigan ; 9895622 ; 54881 ; 5241 ; 33168 ; 0.01407450688799552
Minnesota ; 5420380 ; 21315 ; 890 ; 14816 ; 0.01849870304296009
Mississippi ; 2991207 ; 13458 ; 635 ; 9401 ; 0.02273329796299621
Missouri ; 6044171 ; 12476 ; 689 ; 11787.029 ; 0.025202132765601768
Montana ; 1015165 ; 479 ; 16 ; 441 ; 0.042727044372097144
Nebraska ; 1868516 ; 12362 ; 147 ; 12215.031 ; 0.029209811422540668
Nevada ; 2790136 ; 7956 ; 394 ; 359 ; 0.04564723726728733
New Hampshire ; 1323459 ; 4197 ; 210 ; 2204 ; 0.03654589979742478
New Jersey ; 8899339 ; 155092 ; 11147 ; 25253 ; 0.017961558718012652
New Mexico ; 2085287 ; 7026 ; 320 ; 2464 ; 0.028805627235004103
New York ; 19651127 ; 362764 ; 29229 ; 64280 ; 0.012948214115149731
North Carolina ; 9848060 ; 24057 ; 790 ; 14954 ; 0.03235977441242235
North Dakota ; 723393 ; 2457 ; 54 ; 1551 ; 0.04663440204702009
Ohio ; 11570808 ; 32477 ; 1987 ; 30490.039 ; 0.017114275856966947
Oklahoma ; 3850568 ; 6090 ; 313 ; 4714 ; 0.02777330513316477
Oregon ; 3930065 ; 3949 ; 148 ; 1376 ; 0.035782359833743206
Pennsylvania ; 12773801 ; 71925 ; 5146 ; 40911 ; 0.019846872516645592
Rhode Island ; 1051511 ; 14065 ; 608 ; 1119 ; 0.031232198236632806
South Carolina ; 4774839 ; 10178 ; 440 ; 6063 ; 0.03905995573882177
South Dakota ; 844877 ; 4586 ; 50 ; 3415 ; 0.03169100354252749
Tennessee ; 6495978 ; 20535 ; 338 ; 13073 ; 0.03223179019387073
Texas ; 26448193 ; 56409 ; 1533 ; 35292 ; 0.02132262873308585
Utah ; 2900872 ; 8521 ; 98 ; 5218 ; 0.0347564456480672
Vermont ; 626630 ; 962 ; 54 ; 843 ; 0.04198011585784275
Virginia ; 8260405 ; 37727 ; 1208 ; 5145 ; 0.0331706496231117
Washington ; 6971406 ; 20065 ; 1070 ; 18995.053 ; 0.037425162155238126
West Virginia ; 1854304 ; 1774 ; 72 ; 1135 ; 0.023642833106114206
Wisconsin ; 5742713 ; 15584 ; 514 ; 9207 ; 0.019957988497771
Wyoming ; 582658 ; 843 ; 12 ; 575 ; 0.04416656082985216
